# oST version 5.0 parameters


[image]

width
640

height
480

[narrow_stereo]

camera matrix
662.869889 0.000000 308.178939
0.000000 660.235678 253.235388
0.000000 0.000000 1.000000

distortion
0.055797 -0.228719 0.002498 -0.005874 0.000000

rectification
1.000000 0.000000 0.000000
0.000000 1.000000 0.000000
0.000000 0.000000 1.000000

projection
661.624634 0.000000 304.593871 0.000000
0.000000 662.040649 253.529498 0.000000
0.000000 0.000000 1.000000 0.000000
